States
Time	Diameter	Found	Distinct	Queue
00:00:00	0	2	2	2
00:00:03	10	117 459	28 619	15 218
00:01:03	15	4 378 865	732 604	303 853
00:02:03	17	8 665 427	1 353 150	524 751
00:03:03	17	13 064 587	1 960 008	726 958
00:04:03	18	17 758 168	2 576 120	914 423
00:05:03	19	22 484 748	3 196 233	1 113 848
00:06:03	19	27 215 941	3 789 861	1 282 813
00:07:03	19	31 639 718	4 346 504	1 451 724
00:08:03	20	36 192 938	4 906 463	1 611 928
00:09:03	20	40 961 284	5 483 060	1 764 867
00:10:03	20	45 426 253	6 018 214	1 910 893
00:11:03	20	50 021 358	6 569 159	2 045 835
00:12:03	21	54 658 279	7 111 677	2 198 579
00:13:03	21	59 250 915	7 642 006	2 325 726
00:14:03	21	63 751 016	8 158 039	2 438 087
00:15:03	21	68 387 842	8 695 912	2 580 423
00:16:03	21	72 912 973	9 223 627	2 709 888
00:17:03	22	77 693 976	9 760 727	2 841 843
00:18:03	22	82 144 224	10 255 621	2 953 274
========================================================
Coverage
Module	Action	Total	Distinct
KafkaRoller	Init	2	2
KafkaRoller	ObserveNode	34 594 425	2 888 168
KafkaRoller	ReconfigureNode	5 260 808	7 676
KafkaRoller	NodeServing	12 377 400	7 917
KafkaRoller	RetryNode	25 461 430	6 856 972
